#

nor_whaling_provinces = {
    20 1978 369 1979 371 370
}

golden_highway_doab = {
	4490 2095 556 4496 2063 524 522 2062
}
golden_highway_lahore = {
	510 2075 507 2076 4511 2077 578 2226 451 450 2228
}
golden_highway_persia = {
	446 4325 2221 4326 2235 2236 2214 4341 421 2202 2205 419 4302
}
golden_highway_bengal = {
	561 4476 4479 563 2044 4472 558
}
golden_highway_aleppo = {
	2306 418 4295 2308 377 2313
}

potestate_condoned_provinces = {
	87 88 89 90 91 92 93 94 95 96 97 98 99 100 1742 1743 1744 1865 1866 1931 2974 2975 4381 4382 4383 4768 4769 4770
}